-12
-10
-11
-12
-12
-13
-2
7
6
6
7
8
9
9
10
11
12
9
3
-2
-4
-5
-1
9
13
12
13
14
6
-3
-4
-4
-3
10
14
14
14
12
1
-2
-4
-1
7
16
14
15
16
15
6
1
-2
-2
-2
5
17
16
16
17
18
17
3
0
-1
-1
-2
-3
-4
-4
-5
-6
-7
-5
3
12
12
12
13
11
3
-3
-4
-6
-6
-7
-4
0
8
11
10
5
-4
-7
-8
-8
-8
-7
-1
8
9
10
7
-2
-7
-9
-9
-10
-6
8
9
9
10
10
10
0
-4
-7
-8
-9
-4
5
10
10
11
11
4
-5
-6
-8
-8
-8
-2
8
10
10
10
-3
-9
-8
-9
-9
-3
3
10
9
8
-4
-10
-9
-10
-8
5
9
9
9
10
11
11
2
-3
-6
-4
10
12
12
13
14
14
15
16
16
4
-4
-2
-3
-4
13
16
15
16
17
18
18
19
7
0
0
0
-1
-2
-2
2
16
16
17
17
7
0
-1
-2
0
