-14
-8
-10
-12
-14
-2
6
2
6
10
14
16
16
16
2
-6
-2
-6
-10
-14
-16
-16
-16
-2
6
2
6
10
14
16
16
2
-6
-2
-6
-10
-14
-16
-16
-16
12
0
4
8
12
16
16
16
2
-6
-2
-6
-10
-14
-16
-16
-2
6
2
6
10
14
16
16
2
-6
-2
-6
-10
-14
-16
-16
-16
-16
-2
6
2
6
10
14
16
16
-12
0
-4
-8
-12
-16
-16
-16
-16
12
0
4
8
12
16
2
-6
-2
-6
-10
-14
-16
-16
-16
-16
-16
-16
-16
-16
-16
-16
-16
-16
-2
6
2
6
10
0
-6
-2
-6
-10
-14
-16
-16
-16
-16
-16
-16
-16
-16
-16
-16
-16
-16
-2
6
2
6
-4
-8
-2
-6
-10
-14
-16
-16
-16
-2
6
2
6
10
14
2
-6
-2
-6
-10
-14
-16
-16
-16
-2
-22
-14
-14
14
2
4
8
12
16
16
16
-12
0
-4
-8
-12
-16
-16
-16
-16
-16
-16
-16
-16
-2
6
2
6
-4
-8
-2
-6
-10
